213 103 247 25441
55 90 162 14580
182 140 246 34440
120 206 117 24102
147 166 80 13280
213 10 120 1200
17 209 27 5643
6 179 65 11635
166 50 199 9950
138 48 67 3216
8 45 76 3420
104 20 51 1020
88 191 46 8786
142 49 54 2646
132 141 105 14805
236 182 145 26390
97 122 49 5978
130 193 181 34933
46 196 144 28224
233 103 108 11124
136 29 88 2552
111 113 155 17515
96 17 85 1445
115 135 204 27540
70 251 89 22339
181 44 146 6424
208 6 3 18
219 99 31 3069
136 82 73 5986
190 24 21 504
19 167 225 37575
79 38 203 7714
173 189 121 22869
160 181 193 34933
116 101 11 1111
185 221 139 30719
90 120 185 22200
210 174 66 11484
19 9 215 1935
87 230 251 57730
242 20 46 920
226 226 149 33674
49 215 154 33110
111 130 219 28470
68 62 50 3100
88 173 19 3287
72 94 56 5264
128 237 134 31758
156 94 70 6580
235 202 135 27270
228 183 106 19398
181 85 186 15810
5 2 180 360
40 122 25 3050
158 129 245 31605
88 191 206 39346
43 115 124 14260
37 247 52 12844
149 199 150 29850
65 248 178 44144
195 72 223 16056
56 153 85 13005
98 78 11 858
175 68 207 14076
76 172 139 23908
217 227 254 57658
206 87 54 4698
53 72 118 8496
101 4 3 12
218 24 145 3480
181 206 225 46350
95 99 100 9900
33 71 70 4970
68 38 42 1596
52 179 216 38664
233 234 5 1170
152 140 203 28420
37 82 236 19352
3 28 221 6188
52 30 203 6090
99 229 125 28625
143 80 18 1440
160 35 140 4900
165 32 75 2400
123 215 178 38270
144 25 51 1275
57 36 177 6372
129 225 153 34425
102 236 61 14396
159 130 243 31590
4 200 71 14200
130 83 254 21082
107 115 17 1955
5 34 83 2822
173 172 250 43000
125 37 164 6068
39 211 212 44732
96 62 105 6510
15 143 68 9724
176 192 227 43584
105 158 127 20066
203 82 207 16974
31 158 38 6004
151 88 190 16720
67 10 106 1060
185 189 230 43470
118 212 164 34768
33 120 22 2640
105 108 156 16848
108 28 11 308
12 12 176 2112
123 75 141 10575
116 212 34 7208
71 207 149 30843
110 101 146 14746
64 56 65 3640
118 99 124 12276
150 177 34 6018
62 255 244 62220
131 18 178 3204
255 98 7 686
159 74 240 17760
165 183 66 12078
70 61 5 305
141 231 166 38346
130 175 1 175
89 41 33 1353
216 91 142 12922
40 124 73 9052
164 169 104 17576
212 142 72 10224
83 101 239 24139
147 141 123 17343
106 79 190 15010
195 101 14 1414
108 143 197 28171
165 213 23 4899
61 35 236 8260
182 168 214 35952
88 237 36 8532
184 49 89 4361
35 45 108 4860
43 217 210 45570
145 227 202 45854
144 49 226 11074
115 184 242 44528
243 194 53 10282
114 2 167 334
66 231 254 58674
206 38 36 1368
153 78 192 14976
232 15 56 840
93 209 67 14003
188 85 70 5950
98 171 75 12825
78 179 63 11277
141 36 107 3852
69 191 126 24066
180 76 144 10944
224 44 168 7392
225 83 252 20916
8 103 108 11124
149 55 195 10725
188 72 121 8712
178 29 217 6293
181 61 64 3904
190 103 104 10712
247 95 197 18715
77 131 89 11659
209 105 157 16485
171 197 247 48659
106 233 201 46833
36 5 151 755
138 214 116 24824
105 135 60 8100
140 27 63 1701
200 159 106 16854
60 18 99 1782
202 96 117 11232
149 240 92 22080
150 58 93 5394
125 213 113 24069
9 221 141 31161
134 179 26 4654
225 73 115 8395
156 187 39 7293
18 143 204 29172
92 244 232 56608
133 195 12 2340
192 215 214 46010
203 229 106 24274
123 220 160 35200
4 233 203 47299
248 189 129 24381
119 231 138 31878
250 130 159 20670
100 35 145 5075
14 180 30 5400
76 227 16 3632
221 213 102 21726
236 106 85 9010
71 187 249 46563
61 116 104 12064
179 180 23 4140
143 233 61 14213
215 96 29 2784
130 36 100 3600
3 59 247 14573
15 175 174 30450
8 11 111 1221
196 107 120 12840
195 57 102 5814
10 201 208 41808
224 68 214 14552
215 56 43 2408
7 29 213 6177
12 81 229 18549
210 239 250 59750
64 72 157 11304
112 96 24 2304
163 150 87 13050
13 122 115 14030
170 219 203 44457
15 25 104 2600
9 174 68 11832
111 165 228 37620
0 152 35 5320
69 12 27 324
239 182 48 8736
131 246 236 58056
248 26 7 182
78 44 41 1804
82 133 48 6384
52 153 144 22032
135 61 162 9882
148 222 62 13764
70 20 19 380
118 175 86 15050
242 196 133 26068
15 99 204 20196
176 44 96 4224
57 106 93 9858
35 220 187 41140
237 231 221 51051
214 84 242 20328
170 42 4 168
60 190 64 12160
245 46 73 3358
71 121 52 6292
64 94 131 12314
51 157 113 17741
242 175 193 33775
176 153 165 25245
214 148 230 34040
133 59 241 14219
196 209 118 24662
184 220 142 31240
208 101 233 23533
228 12 224 2688
22 160 170 27200
131 139 45 6255
241 3 225 675
10 143 248 35464
187 10 63 630
13 26 47 1222
52 249 112 27888
124 176 60 10560
60 60 102 6120
106 147 138 20286
21 68 17 1156
111 231 67 15477
205 171 122 20862
67 221 45 9945
189 246 131 32226
212 76 177 13452
109 7 221 1547
72 204 67 13668
130 119 157 18683
207 231 130 30030
164 71 154 10934
57 82 190 15580
172 115 118 13570
63 215 10 2150
212 11 218 2398
232 189 227 42903
204 141 74 10434
240 78 57 4446
74 71 14 994
45 225 31 6975
211 187 82 15334
187 90 206 18540
139 28 212 5936
154 187 152 28424
30 217 247 53599
156 62 224 13888
240 136 116 15776
160 136 117 15912
108 59 200 11800
173 105 66 6930
14 160 103 16480
237 217 228 49476
208 80 224 17920
150 61 128 7808
45 68 35 2380
43 8 80 640
63 186 176 32736
13 55 129 7095
127 234 217 50778
69 125 225 28125
59 220 220 48400
139 10 246 2460
243 168 189 31752
105 240 213 51120
247 105 241 25305
171 37 53 1961
217 112 82 9184
240 171 20 3420
145 157 177 27789
222 99 2 198
17 84 11 924
230 151 234 35334
65 21 185 3885
221 180 226 40680
210 229 192 43968
1 248 77 19096
47 95 196 18620
37 28 128 3584
246 97 44 4268
207 21 76 1596
254 34 197 6698
248 91 155 14105
189 57 191 10887
242 77 16 1232
237 231 175 40425
92 206 46 9476
196 73 161 11753
34 9 233 2097
244 102 124 12648
1 252 159 40068
36 129 114 14706
0 93 250 23250
193 210 43 9030
184 110 110 12100
21 227 155 35185
252 30 41 1230
95 227 246 55842
60 8 86 688
216 208 157 32656
39 78 63 4914
57 92 58 5336
140 181 113 20453
246 78 22 1716
158 168 115 19320
245 213 88 18744
15 137 147 20139
142 226 97 21922
80 212 14 2968
156 119 22 2618
195 20 133 2660
179 9 80 720
20 154 133 20482
104 9 84 756
215 17 165 2805
90 157 81 12717
243 235 32 7520
71 116 150 17400
49 16 247 3952
93 248 241 59768
217 208 216 44928
42 22 18 396
82 188 167 31396
98 121 122 14762
40 92 254 23368
153 31 108 3348
73 88 16 1408
227 83 111 9213
254 208 186 38688
218 54 95 5130
224 108 211 22788
120 252 8 2016
154 235 227 53345
15 85 30 2550
211 30 23 690
106 97 219 21243
151 37 100 3700
137 165 72 11880
200 125 157 19625
20 26 1 26
173 21 116 2436
7 96 253 24288
171 12 19 228
226 54 38 2052
213 255 233 59415
172 248 113 28024
145 225 126 28350
3 215 192 41280
35 64 223 14272
91 229 57 13053
112 210 70 14700
102 78 80 6240
186 24 248 5952
62 184 99 18216
11 233 20 4660
183 101 183 18483
255 105 1 105
197 145 68 9860
187 225 228 51300
210 108 85 9180
74 231 166 38346
111 192 6 1152
163 197 44 8668
10 56 203 11368
121 206 161 33166
192 86 189 16254
43 86 41 3526
176 121 78 9438
179 218 45 9810
242 247 220 54340
33 104 104 10816
237 87 229 19923
84 153 64 9792
85 185 51 9435
123 226 246 55596
92 245 71 17395
186 8 161 1288
185 121 251 30371
211 123 194 23862
73 45 32 1440
195 74 71 5254
9 231 48 11088
89 248 247 61256
3 42 165 6930
121 27 58 1566
178 178 81 14418
234 103 145 14935
21 232 33 7656
214 84 251 21084
219 74 107 7918
184 141 249 35109
223 136 102 13872
59 32 155 4960
209 22 94 2068
114 221 138 30498
95 196 164 32144
254 25 224 5600
10 217 170 36890
229 177 27 4779
206 131 102 13362
243 101 59 5959
139 242 24 5808
38 167 194 32398
51 227 89 20203
127 223 28 6244
25 63 219 13797
2 31 252 7812
181 147 230 33810
76 80 237 18960
255 71 103 7313
165 153 156 23868
169 32 35 1120
70 2 174 348
226 155 227 35185
240 211 188 39668
133 249 100 24900
143 47 100 4700
19 175 220 38500
241 137 197 26989
209 72 232 16704
176 102 83 8466
132 42 22 924
154 212 77 16324
222 155 28 4340
62 126 84 10584
255 195 19 3705
213 121 245 29645
21 33 34 1122
135 99 102 10098
87 193 176 33968
38 26 213 5538
29 157 131 20567
130 51 106 5406
8 110 186 20460
66 93 176 16368
252 70 133 9310
244 83 141 11703
84 182 159 28938
100 62 145 8990
187 151 190 28690
11 134 171 22914
4 137 112 15344
189 146 121 17666
128 182 51 9282
111 16 150 2400
98 196 128 25088
242 240 72 17280
34 166 169 28054
9 68 175 11900
99 137 87 11919
36 119 220 26180
67 126 187 23562
76 36 183 6588
86 157 108 16956
8 13 198 2574
2 218 211 45998
85 23 41 943
124 107 84 8988
227 163 252 41076
221 124 162 20088
91 152 116 17632
86 58 154 8932
232 187 252 47124
160 12 61 732
104 50 97 4850
242 172 214 36808
57 53 10 530
123 44 249 10956
93 1 28 28
166 112 186 20832
151 90 200 18000
129 96 160 15360
7 183 197 36051
161 41 53 2173
229 46 147 6762
8 199 17 3383
61 179 192 34368
112 138 251 34638
197 104 29 3016
49 52 36 1872
132 58 55 3190
12 192 96 18432
247 9 108 972
240 25 106 2650
251 101 143 14443
45 44 75 3300
76 7 146 1022
4 138 144 19872
146 36 44 1584
28 255 212 54060
150 159 135 21465
55 247 232 57304
116 223 182 40586
41 217 165 35805
165 43 104 4472
184 150 59 8850
209 35 27 945
215 186 206 38316
118 64 242 15488
111 245 7 1715
149 190 107 20330
239 96 8 768
156 185 25 4625
144 215 162 34830
2 180 100 18000
71 8 197 1576
219 155 19 2945
31 119 192 22848
215 91 222 20202
57 115 138 15870
4 105 17 1785
102 38 55 2090
97 72 112 8064
45 128 95 12160
240 22 228 5016
72 133 129 17157
226 147 201 29547
219 212 185 39220
195 216 105 22680
109 221 78 17238
235 250 164 41000
116 60 15 900
202 37 65 2405
177 85 104 8840
249 239 105 25095
158 96 129 12384
7 233 157 36581
143 61 48 2928
119 78 245 19110
206 51 252 12852
244 255 113 28815
252 117 102 11934
95 36 196 7056
201 95 61 5795
51 89 235 20915
245 209 151 31559
244 27 116 3132
152 92 127 11684
74 162 184 29808
45 181 26 4706
54 6 57 342
76 91 194 17654
228 221 254 56134
250 115 152 17480
157 252 40 10080
75 135 214 28890
193 174 88 15312
227 248 146 36208
243 186 33 6138
215 57 199 11343
155 230 225 51750
146 184 79 14536
43 134 47 6298
131 179 93 16647
151 149 100 14900
145 137 185 25345
233 9 247 2223
157 161 98 15778
17 230 168 38640
28 164 225 36900
86 82 74 6068
85 176 238 41888
231 55 160 8800
55 189 3 567
92 84 91 7644
167 3 203 609
89 4 173 692
252 169 218 36842
203 211 237 50007
81 165 4 660
24 218 31 6758
41 252 209 52668
103 217 18 3906
143 152 234 35568
154 167 218 36406
128 205 115 23575
223 229 205 46945
1 254 126 32004
51 39 140 5460
108 117 112 13104
25 57 203 11571
78 249 127 31623
31 209 92 19228
114 39 48 1872
44 243 29 7047
235 137 249 34113
93 21 133 2793
108 20 38 760
105 74 200 14800
79 250 63 15750
229 206 180 37080
49 254 163 41402
31 11 100 1100
186 4 130 520
24 254 22 5588
98 162 175 28350
62 165 135 22275
18 159 208 33072
58 195 46 8970
6 167 61 10187
46 124 14 1736
64 111 217 24087
42 220 188 41360
72 122 55 6710
241 219 45 9855
4 64 148 9472
41 1 17 17
102 207 74 15318
70 160 16 2560
113 121 142 17182
249 205 85 17425
120 62 144 8928
129 88 47 4136
87 111 169 18759
239 162 143 23166
148 194 184 35696
84 39 142 5538
33 172 149 25628
246 242 171 41382
222 2 217 434
147 99 4 396
9 182 210 38220
120 110 104 11440
60 234 188 43992
239 128 124 15872
169 141 238 33558
117 186 165 30690
37 230 217 49910
238 75 82 6150
231 37 124 4588
168 88 174 15312
28 187 233 43571
241 173 116 20068
250 158 24 3792
230 171 221 37791
13 23 61 1403
255 26 250 6500
236 59 106 6254
239 175 236 41300
224 199 172 34228
219 92 209 19228
118 40 139 5560
109 195 194 37830
230 251 161 40411
176 164 225 36900
49 248 135 33480
81 194 126 24444
18 201 30 6030
174 154 149 22946
140 143 31 4433
62 3 240 720
237 177 247 43719
122 137 170 23290
76 92 13 1196
217 234 43 10062
159 143 69 9867
156 202 5 1010
235 6 65 390
47 126 38 4788
3 165 196 32340
148 121 133 16093
207 64 84 5376
44 227 116 26332
111 120 199 23880
164 218 53 11554
200 59 157 9263
132 189 165 31185
251 198 87 17226
166 218 98 21364
84 12 231 2772
162 181 183 33123
6 161 70 11270
20 107 120 12840
148 197 89 17533
200 186 16 2976
111 186 44 8184
84 85 159 13515
57 134 100 13400
35 178 1 178
32 158 10 1580
127 97 231 22407
29 116 169 19604
74 66 37 2442
230 84 156 13104
153 37 5 185
247 206 42 8652
184 78 189 14742
220 35 178 6230
137 85 80 6800
230 62 189 11718
186 192 2 384
36 38 234 8892
17 113 205 23165
26 197 37 7289
148 34 12 408
222 210 118 24780
46 47 96 4512
27 112 203 22736
252 87 224 19488
210 192 38 7296
72 144 78 11232
164 143 142 20306
120 27 84 2268
230 235 139 32665
36 178 161 28658
54 92 10 920
110 171 80 13680
192 255 47 11985
171 80 72 5760
249 34 193 6562
234 173 110 19030
127 232 55 12760
115 87 176 15312
16 255 136 34680
235 155 150 23250
239 132 226 29832
27 126 217 27342
77 10 175 1750
228 36 223 8028
245 21 186 3906
81 36 118 4248
21 27 241 6507
27 252 17 4284
19 39 120 4680
207 10 198 1980
15 114 56 6384
33 190 30 5700
42 53 83 4399
160 86 44 3784
246 117 175 20475
82 141 201 28341
64 139 231 32109
29 41 89 3649
61 18 227 4086
187 85 25 2125
126 130 197 25610
12 20 110 2200
156 194 53 10282
228 70 247 17290
143 180 154 27720
122 127 49 6223
116 207 73 15111
31 80 82 6560
90 152 186 28272
108 207 26 5382
171 148 106 15688
133 16 105 1680
250 183 130 23790
127 37 218 8066
33 103 156 16068
88 89 72 6408
166 242 160 38720
128 3 158 474
20 67 213 14271
82 7 116 812
125 197 7 1379
217 188 209 39292
166 58 247 14326
126 239 67 16013
122 60 123 7380
151 198 88 17424
199 55 222 12210
187 240 144 34560
229 122 139 16958
107 156 183 28548
34 40 247 9880
123 79 141 11139
51 220 182 40040
42 174 223 38802
85 165 252 41580
3 160 216 34560
175 51 136 6936
116 164 13 2132
101 8 212 1696
45 23 71 1633
11 228 121 27588
39 5 102 510
76 221 235 51935
196 4 49 196
154 24 92 2208
143 91 177 16107
19 204 33 6732
130 226 118 26668
94 57 115 6555
67 54 132 7128
123 237 37 8769
183 50 46 2300
249 118 170 20060
138 133 214 28462
90 247 13 3211
101 224 226 50624
27 210 43 9030
55 59 183 10797
105 231 146 33726
60 223 203 45269
159 182 17 3094
27 186 101 18786
90 210 108 22680
176 198 156 30888
53 167 28 4676
49 33 160 5280
240 88 213 18744
160 226 172 38872
37 206 52 10712
48 173 204 35292
212 150 132 19800
54 39 208 8112
46 169 60 10140
28 127 209 26543
4 138 202 27876
118 127 106 13462
179 171 84 14364
88 217 225 48825
12 38 7 266
42 73 43 3139
153 186 216 40176
146 164 99 16236
199 166 249 41334
84 4 39 156
8 203 233 47299
30 215 109 23435
170 248 48 11904
115 27 151 4077
42 166 2 332
190 254 62 15748
98 184 50 9200
70 107 202 21614
159 10 136 1360
146 91 117 10647
124 20 155 3100
139 187 4 748
85 213 134 28542
43 134 168 22512
90 139 139 19321
189 151 128 19328
162 219 22 4818
105 29 135 3915
212 151 86 12986
100 137 199 27263
192 245 62 15190
32 206 56 11536
102 134 117 15678
48 117 67 7839
244 20 228 4560
92 120 27 3240
62 195 59 11505
208 114 252 28728
219 11 217 2387
64 45 8 360
153 68 15 1020
214 135 189 25515
205 154 120 18480
235 60 28 1680
119 221 191 42211
24 149 80 11920
126 95 207 19665
38 200 150 30000
141 160 93 14880
32 157 14 2198
209 40 218 8720
87 202 198 39996
237 201 79 15879
139 178 90 16020
233 230 153 35190
181 49 76 3724
147 98 34 3332
57 8 229 1832
209 189 78 14742
14 107 169 18083
165 221 72 15912
200 248 230 57040
17 115 177 20355
187 145 80 11600
148 202 246 49692
133 191 83 15853
12 183 218 39894
127 86 24 2064
32 247 84 20748
6 153 69 10557
44 23 186 4278
55 232 250 58000
46 138 237 32706
229 55 226 12430
174 223 182 40586
246 247 96 23712
146 194 232 45008
149 98 136 13328
224 145 148 21460
86 127 241 30607
50 106 209 22154
67 19 1 19
246 187 159 29733
10 86 239 20554
145 29 201 5829
107 6 50 300
122 74 4 296
243 109 130 14170
146 88 116 10208
173 55 153 8415
22 34 50 1700
184 35 249 8715
13 39 242 9438
94 52 90 4680
40 254 134 34036
49 216 94 20304
105 2 13 26
238 244 196 47824
221 3 199 597
46 97 197 19109
37 255 131 33405
126 4 127 508
9 65 232 15080
130 55 83 4565
162 164 26 4264
129 6 57 342
175 210 139 29190
243 14 116 1624
79 81 241 19521
153 85 144 12240
146 184 183 33672
39 220 74 16280
116 75 57 4275
79 95 113 10735
76 200 54 10800
212 103 122 12566
195 164 65 10660
223 118 114 13452
164 204 100 20400
0 223 183 40809
162 52 36 1872
120 181 224 40544
141 150 209 31350
220 252 216 54432
42 200 214 42800
61 190 119 22610
67 85 181 15385
64 145 69 10005
85 67 247 16549
59 254 244 61976
252 157 185 29045
52 117 217 25389
17 152 162 24624
213 128 146 18688
217 234 130 30420
78 117 36 4212
233 202 225 45450
169 88 56 4928
238 195 224 43680
176 122 67 8174
139 68 123 8364
181 91 16 1456
107 207 162 33534
237 175 144 25200
254 231 150 34650
179 190 63 11970
147 169 194 32786
103 187 37 6919
12 15 77 1155
172 22 171 3762
40 69 120 8280
126 19 245 4655
188 245 176 43120
210 88 84 7392
35 116 6 696
155 251 94 23594
102 224 21 4704
227 150 126 18900
77 141 248 34968
230 232 150 34800
13 41 53 2173
74 79 90 7110
10 254 95 24130
215 39 185 7215
120 153 62 9486
155 202 244 49288
40 1 166 166
112 161 226 36386
59 90 42 3780
201 238 108 25704
199 160 5 800
251 134 217 29078
240 173 28 4844
45 42 90 3780
201 229 112 25648
190 117 20 2340
53 202 226 45652
229 124 132 16368
226 233 196 45668
165 16 205 3280
49 161 211 33971
54 21 87 1827
172 161 105 16905
150 196 95 18620
114 215 94 20210
187 149 69 10281
39 162 187 30294
36 247 141 34827
64 164 238 39032
144 57 105 5985
90 59 93 5487
31 145 244 35380
48 119 38 4522
182 6 183 1098
10 53 146 7738
249 74 143 10582
80 133 98 13034
110 250 40 10000
225 169 129 21801
229 22 138 3036
126 204 22 4488
51 113 168 18984
232 228 201 45828
125 171 113 19323
66 189 5 945
205 249 12 2988
148 36 226 8136
175 227 117 26559
93 247 212 52364
146 195 148 28860
132 211 30 6330
60 172 143 24596
56 101 201 20301
23 138 96 13248
110 63 254 16002
248 168 245 41160
216 128 134 17152
240 236 87 20532
237 254 74 18796
22 36 111 3996
18 67 155 10385
145 59 217 12803
31 136 186 25296
169 157 252 39564
241 195 168 32760
137 141 189 26649
195 205 139 28495
62 195 199 38805
116 32 34 1088
5 143 80 11440
135 255 88 22440
85 119 175 20825
177 132 73 9636
137 81 177 14337
112 42 215 9030
163 80 24 1920
168 71 204 14484
185 201 89 17889
47 2 110 220
25 29 54 1566
197 124 59 7316
207 211 205 43255
77 195 252 49140
243 127 159 20193
53 184 72 13248
191 200 9 1800
160 68 158 10744
254 134 135 18090
104 170 87 14790
230 22 249 5478
62 105 173 18165
110 230 109 25070
252 134 184 24656
240 61 9 549
2 98 192 18816
103 75 27 2025
66 204 131 26724
28 80 46 3680
176 198 190 37620
40 64 222 14208
216 84 141 11844
171 131 160 20960
132 202 63 12726
29 72 128 9216
63 132 115 15180
182 42 26 1092
39 254 63 16002
56 18 143 2574
193 147 229 33663
81 14 168 2352
142 254 130 33020
53 52 173 8996
237 71 217 15407
246 104 147 15288
236 133 117 15561
216 215 85 18275
167 156 238 37128
211 180 133 23940
253 19 38 722
107 39 65 2535
114 140 95 13300
25 30 120 3600
148 182 101 18382
32 97 228 22116
69 142 67 9514
188 143 249 35607
7 138 161 22218
143 104 183 19032
101 184 172 31648
187 12 23 276
17 170 70 11900
216 66 183 12078
135 249 85 21165
8 152 183 27816
83 182 24 4368
235 27 59 1593
22 79 21 1659
249 3 17 51
182 172 165 28380
163 186 141 26226
93 136 34 4624
185 54 109 5886
113 30 230 6900
216 232 78 18096
107 14 54 756
82 202 176 35552
198 104 147 15288
147 211 6 1266
124 217 160 34720
251 239 103 24617
192 145 252 36540
101 93 104 9672
67 90 192 17280
191 50 148 7400
255 76 63 4788
239 8 214 1712
118 147 48 7056
49 104 66 6864
126 139 163 22657
191 94 97 9118
29 154 89 13706
116 99 57 5643
60 119 44 5236
186 141 58 8178
37 170 20 3400
72 3 155 465
144 251 26 6526
193 54 67 3618
101 45 43 1935
85 179 42 7518
3 226 90 20340
52 167 207 34569
75 144 128 18432
42 18 43 774
50 21 11 231
214 243 224 54432
163 231 41 9471
253 94 77 7238
190 240 245 58800
122 252 25 6300
237 5 83 415
35 71 255 18105
157 150 95 14250
29 69 88 6072
127 221 216 47736
252 226 217 49042
229 1 185 185
242 225 176 39600
200 117 197 23049
162 47 210 9870
100 151 16 2416
107 36 161 5796
67 168 91 15288
142 151 37 5587
70 6 64 384
39 101 95 9595
224 50 33 1650
158 84 189 15876
8 86 84 7224
167 106 171 18126
85 172 61 10492
4 39 207 8073
73 191 141 26931
163 225 149 33525
245 240 124 29760
102 254 88 22352
19 253 240 60720
111 248 6 1488
197 118 141 16638
224 207 43 8901
62 61 14 854
80 160 138 22080
175 193 50 9650
92 81 114 9234
186 71 63 4473
12 198 191 37818
207 108 193 20844
91 38 225 8550
188 196 104 20384
14 122 255 31110
7 169 172 29068
2 164 144 23616
17 144 41 5904
196 239 146 34894
157 4 135 540
108 142 76 10792
86 99 210 20790
34 136 120 16320
197 119 237 28203
113 134 120 16080
12 173 129 22317
123 69 241 16629
173 93 193 17949
42 173 101 17473
28 182 192 34944
14 119 70 8330
83 251 148 37148
45 14 54 756
150 151 232 35032
74 227 157 35639
123 102 184 18768
116 220 212 46640
70 38 33 1254
231 180 195 35100
75 210 250 52500
244 229 120 27480
39 181 243 43983
187 79 127 10033
9 35 239 8365
247 109 155 16895
58 248 239 59272
27 250 207 51750
243 52 226 11752
6 25 30 750
210 201 5 1005
198 65 118 7670
53 42 129 5418
21 222 164 36408
130 140 102 14280
226 2 114 228
198 32 34 1088
2 184 255 46920
173 9 248 2232
33 29 243 7047
220 84 220 18480
93 136 36 4896
98 78 67 5226
108 56 61 3416
5 106 37 3922
92 172 36 6192
34 128 165 21120
80 49 158 7742
147 36 228 8208
199 146 1 146
157 185 189 34965
121 82 64 5248
226 168 242 40656
17 121 53 6413
131 216 105 22680
147 43 123 5289
138 186 240 44640
225 208 250 52000
136 224 210 47040
243 55 199 10945
198 41 90 3690
25 129 167 21543
11 245 136 33320
145 207 78 16146
217 18 59 1062
170 177 159 28143
127 48 6 288
186 58 224 12992
203 162 97 15714
179 204 90 18360
15 167 199 33233
104 243 133 32319
71 11 227 2497
185 123 100 12300
103 105 73 7665
172 164 78 12792
95 192 113 21696
154 253 169 42757
11 58 104 6032
131 120 99 11880
80 147 181 26607
2 187 47 8789
181 119 238 28322
174 244 185 45140
182 41 44 1804
188 205 47 9635
220 45 206 9270
82 134 124 16616
252 158 251 39658
62 132 249 32868
67 127 63 8001
49 166 35 5810
115 73 127 9271
241 133 101 13433
69 154 165 25410
203 19 29 551
200 197 73 14381
220 172 119 20468
222 219 201 44019
119 236 145 34220
178 144 151 21744
226 43 89 3827
149 243 127 30861
89 127 127 16129
174 24 200 4800
1 209 38 7942
71 22 141 3102
161 3 38 114
102 103 124 12772
20 21 87 1827
14 77 42 3234
147 20 103 2060
27 100 136 13600
225 195 218 42510
53 45 14 630
57 133 91 12103
167 27 136 3672
193 81 231 18711
95 111 161 17871
226 205 131 26855
86 122 43 5246
156 67 134 8978
116 201 121 24321
206 169 39 6591
100 2 215 430
251 101 213 21513
82 242 122 29524
247 150 29 4350
165 178 141 25098
55 132 87 11484
129 50 5 250
178 79 105 8295
18 53 12 636
42 114 230 26220
209 124 19 2356
195 77 39 3003
247 201 251 50451
139 120 152 18240
213 133 224 29792
182 195 195 38025
82 54 87 4698
129 114 25 2850
173 209 91 19019
232 23 160 3680
142 176 134 23584
107 36 242 8712
59 193 79 15247
46 242 167 40414
225 148 62 9176
114 220 20 4400
10 120 28 3360
183 96 143 13728
235 125 123 15375
249 57 21 1197
63 233 128 29824
100 227 178 40406
155 62 175 10850
129 233 55 12815
223 154 189 29106
127 149 176 26224
211 231 140 32340
23 123 59 7257
165 85 200 17000
210 142 238 33796
45 22 238 5236
190 39 133 5187
191 147 218 32046
158 67 245 16415
147 106 59 6254
143 245 21 5145
84 221 201 44421
54 6 106 636
117 252 7 1764
166 50 142 7100
210 156 243 37908
16 39 134 5226
137 170 50 8500
168 11 2 22
255 33 141 4653
178 59 183 10797
102 104 224 23296
211 253 240 60720
27 20 129 2580
114 56 120 6720
41 241 71 17111
216 54 234 12636
190 196 155 30380
204 245 22 5390
17 19 215 4085
145 178 109 19402
132 219 185 40515
73 44 183 8052
138 162 225 36450
142 231 215 49665
137 222 247 54834
237 163 152 24776
70 249 52 12948
29 48 95 4560
16 99 193 19107
240 2 19 38
58 229 206 47174
169 120 254 30480
69 46 112 5152
184 21 133 2793
217 81 96 7776
21 50 198 9900
123 162 194 31428
134 19 21 399
76 111 243 26973
236 202 148 29896
154 173 253 43769
142 76 138 10488
88 36 29 1044
43 208 138 28704
18 189 142 26838
109 97 154 14938
118 226 59 13334
113 81 240 19440
78 122 21 2562
229 14 133 1862
84 25 105 2625
31 6 140 840
72 83 43 3569
61 12 139 1668
204 3 170 510
108 210 135 28350
173 15 179 2685
213 38 152 5776
181 106 159 16854
30 17 245 4165
99 206 148 30488
92 106 172 18232
172 23 94 2162
148 114 10 1140
125 93 154 14322
22 191 34 6494
159 209 92 19228
155 195 27 5265
154 124 62 7688
213 201 219 44019
48 87 197 17139
32 225 28 6300
11 87 231 20097
147 191 154 29414
130 224 221 49504
70 46 56 2576
48 64 8 512
103 221 42 9282
104 169 2 338
101 14 56 784
197 242 142 34364
206 193 171 33003
32 174 136 23664
153 21 106 2226
46 21 138 2898
164 101 79 7979
80 69 172 11868
210 188 233 43804
37 112 108 12096
114 119 111 13209
207 61 210 12810
92 131 204 26724
231 26 142 3692
140 151 170 25670
129 204 89 18156
52 22 252 5544
44 238 236 56168
229 252 37 9324
250 122 34 4148
121 67 51 3417
90 207 115 23805
214 38 163 6194
146 139 104 14456
233 194 161 31234
132 149 186 27714
107 53 115 6095
159 184 239 43976
0 213 9 1917
88 126 82 10332
224 161 138 22218
173 64 234 14976
90 146 26 3796
2 80 59 4720
38 3 196 588
58 191 52 9932
68 45 153 6885
49 111 51 5661
239 145 50 7250
196 181 177 32037
233 134 51 6834
38 89 17 1513
20 172 65 11180
96 204 82 16728
110 147 155 22785
53 205 39 7995
50 156 87 13572
107 74 152 11248
41 108 59 6372
213 205 17 3485
202 35 97 3395
253 225 15 3375
226 26 91 2366
69 110 113 12430
194 171 162 27702
77 27 121 3267
10 87 246 21402
87 86 235 20210
145 118 194 22892
249 225 107 24075
115 230 232 53360
88 66 206 13596
138 246 71 17466
189 236 98 23128
94 234 114 26676
111 61 193 11773
36 212 114 24168
175 242 93 22506
23 95 6 570
163 57 167 9519
200 112 43 4816
195 47 237 11139
207 147 220 32340
7 115 210 24150
52 111 17 1887
127 136 23 3128
187 65 232 15080
191 150 195 29250
161 182 132 24024
205 135 40 5400
42 244 64 15616
199 182 88 16016
118 13 135 1755
108 165 236 38940
86 24 114 2736
17 190 73 13870
238 253 51 12903
207 168 87 14616
177 85 221 18785
155 50 9 450
205 167 121 20207
127 27 245 6615
96 82 215 17630
65 212 170 36040
64 72 92 6624
103 117 238 27846
185 162 152 24624
241 106 160 16960
242 182 115 20930
117 131 90 11790
85 169 179 30251
131 154 135 20790
198 221 115 25415
124 5 89 445
212 71 88 6248
62 113 99 11187
154 171 160 27360
226 222 116 25752
206 140 189 26460
7 34 212 7208
136 178 96 17088
75 84 33 2772
82 192 69 13248
11 158 60 9480
237 154 8 1232
202 42 61 2562
121 60 107 6420
207 138 251 34638
43 55 183 10065
219 105 100 10500
199 139 244 33916
165 117 147 17199
244 105 223 23415
116 3 240 720
233 20 183 3660
189 9 167 1503
44 169 131 22139
99 54 231 12474
249 202 143 28886
34 31 169 5239
51 102 17 1734
216 129 47 6063
2 237 221 52377
156 199 148 29452
76 69 155 10695
255 224 98 21952
78 25 21 525
91 244 234 57096
154 190 191 36290
1 70 95 6650
136 194 184 35696
122 232 78 18096
146 156 212 33072
208 111 125 13875
167 24 57 1368
25 200 70 14000
143 1 76 76
69 90 164 14760
11 51 204 10404
137 170 246 41820
38 178 177 31506
93 149 2 298
65 198 248 49104
128 17 224 3808
173 95 171 16245
20 90 159 14310
56 97 104 10088
109 112 30 3360
228 222 193 42846
213 164 53 8692
5 2 165 330
136 206 79 16274
128 38 172 6536
223 95 43 4085
83 87 136 11832
156 57 187 10659
106 100 204 20400
132 18 140 2520
105 27 30 810
6 176 188 33088
91 79 204 16116
72 70 189 13230
78 246 22 5412
67 122 21 2562
9 52 13 676
157 88 185 16280
183 63 44 2772
151 246 136 33456
18 237 50 11850
155 41 53 2173
212 135 166 22410
218 103 185 19055
204 196 24 4704
46 182 168 30576
117 149 172 25628
109 179 220 39380
47 18 235 4230
66 17 166 2822
59 60 195 11700
67 21 139 2919
142 6 234 1404
219 212 52 11024
50 158 174 27492
214 45 80 3600
237 207 250 51750
187 98 105 10290
34 111 188 20868
47 67 235 15745
195 88 223 19624
181 248 32 7936
247 72 115 8280
246 61 139 8479
22 126 244 30744
60 3 158 474
63 160 253 40480
46 143 240 34320
121 254 148 37592
78 75 129 9675
34 191 50 9550
17 22 7 154
137 143 226 32318
9 150 143 21450
156 107 18 1926
134 208 202 42016
174 126 236 29736
221 129 238 30702
105 166 75 12450
88 83 186 15438
6 67 152 10184
49 140 65 9100
80 186 67 12462
215 203 216 43848
5 124 163 20212
21 21 223 4683
82 48 82 3936
31 221 104 22984
141 233 27 6291
47 188 82 15416
97 195 60 11700
27 80 114 9120
109 108 199 21492
252 32 93 2976
71 217 83 18011
235 21 103 2163
90 217 111 24087
166 121 42 5082
100 196 65 12740
122 147 118 17346
81 148 49 7252
234 46 198 9108
47 198 66 13068
177 155 175 27125
99 147 45 6615
50 174 23 4002
25 244 80 19520
23 31 56 1736
95 227 117 26559
126 191 44 8404
41 200 84 16800
82 144 28 4032
212 94 30 2820
12 177 125 22125
248 30 216 6480
200 70 89 6230
245 163 198 32274
48 180 54 9720
199 188 9 1692
20 134 189 25326
238 4 101 404
250 134 71 9514
134 155 23 3565
86 202 9 1818
209 207 98 20286
200 235 38 8930
244 99 171 16929
166 85 129 10965
78 114 230 26220
191 81 72 5832
229 66 96 6336
185 235 222 52170
133 36 222 7992
231 241 248 59768
95 125 114 14250
252 116 162 18792
113 2 246 492
10 136 196 26656
226 238 29 6902
120 180 52 9360
215 121 76 9196
112 85 126 10710
19 237 217 51429
15 76 187 14212
162 201 142 28542
200 133 177 23541
169 231 221 51051
114 110 191 21010
181 238 119 28322
128 238 164 39032
36 32 51 1632
96 174 253 44022
227 18 119 2142
45 49 158 7742
12 60 248 14880
122 49 128 6272
104 241 10 2410
90 200 243 48600
125 105 80 8400
34 242 16 3872
88 57 222 12654
52 207 41 8487
243 159 179 28461
8 91 240 21840
136 107 211 22577
96 233 253 58949
214 163 34 5542
86 123 70 8610
159 168 107 17976
245 34 172 5848
133 228 171 38988
250 194 113 21922
80 221 143 31603
186 132 9 1188
215 196 124 24304
190 67 236 15812
10 134 64 8576
68 158 225 35550
253 207 208 43056
246 125 198 24750
39 1 170 170
152 21 242 5082
224 206 72 14832
100 196 30 5880
189 210 105 22050
194 48 208 9984
55 128 137 17536
98 22 60 1320
169 108 1 108
254 143 28 4004
84 148 201 29748
249 134 245 32830
43 114 177 20178
102 39 28 1092
11 61 174 10614
67 35 245 8575
165 232 140 32480
81 75 47 3525
121 92 225 20700
231 15 124 1860
46 90 10 900
78 34 19 646
239 242 63 15246
90 76 191 14516
231 47 94 4418
11 201 227 45627
96 68 230 15640
233 200 121 24200
120 1 86 86
174 56 159 8904
80 46 140 6440
170 184 29 5336
67 119 244 29036
147 154 8 1232
13 174 74 12876
182 130 143 18590
243 215 17 3655
5 25 231 5775
117 240 85 20400
100 149 230 34270
85 48 88 4224
60 164 143 23452
213 236 37 8732
158 86 123 10578
63 3 115 345
209 201 73 14673
116 10 127 1270
245 85 91 7735
77 83 100 8300
27 106 145 15370
154 124 225 27900
179 189 189 35721
45 33 40 1320
250 27 120 3240
202 171 8 1368
169 237 133 31521
238 249 134 33366
72 167 240 40080
49 105 205 21525
204 65 6 390
103 217 216 46872
74 27 232 6264
175 162 102 16524
123 236 50 11800
220 4 241 964
44 166 132 21912
148 211 239 50429
253 68 212 14416
16 168 82 13776
27 223 236 52628
41 79 163 12877
246 103 229 23587
22 164 91 14924
194 14 48 672
190 216 36 7776
247 83 125 10375
164 23 252 5796
81 120 56 6720
71 101 165 16665
184 240 13 3120
185 43 164 7052
56 169 16 2704
125 144 93 13392
145 120 54 6480
195 7 251 1757
214 117 182 21294
20 161 54 8694
63 125 11 1375
78 241 76 18316
80 10 166 1660
167 237 164 38868
158 204 82 16728
63 1 48 48
70 69 19 1311
80 92 230 21160
204 203 99 20097
180 162 86 13932
103 53 169 8957
245 15 12 180
144 187 15 2805
178 134 200 26800
251 136 108 14688
151 220 61 13420
235 244 26 6344
223 39 163 6357
53 79 194 15326
135 241 138 33258
1 88 240 21120
0 181 165 29865
59 224 15 3360
141 56 104 5824
120 182 207 37674
132 194 47 9118
30 144 20 2880
216 210 76 15960
15 185 63 11655
157 23 20 460
129 148 204 30192
238 129 87 11223
139 102 62 6324
4 238 42 9996
145 90 251 22590
77 211 147 31017
83 25 66 1650
57 187 148 27676
119 17 203 3451
33 210 203 42630
28 19 166 3154
148 44 90 3960
234 1 73 73
204 57 122 6954
231 251 157 39407
244 202 21 4242
110 126 88 11088
209 93 137 12741
92 242 212 51304
206 129 219 28251
204 158 92 14536
229 127 133 16891
171 209 190 39710
23 190 155 29450
56 44 24 1056
230 62 87 5394
191 46 29 1334
70 77 75 5775
57 211 112 23632
117 23 208 4784
42 252 251 63252
248 34 217 7378
59 64 159 10176
24 213 161 34293
242 156 249 38844
188 160 37 5920
119 224 146 32704
203 9 102 918
166 216 240 51840
182 124 89 11036
174 92 224 20608
70 96 124 11904
216 49 12 588
230 212 90 19080
246 241 59 14219
92 7 132 924
139 5 70 350
202 183 146 26718
147 162 236 38232
26 231 17 3927
27 194 136 26384
73 49 67 3283
126 109 173 18857
115 189 71 13419
100 186 20 3720
178 97 137 13289
74 92 251 23092
0 201 119 23919
247 197 112 22064
240 216 216 46656
208 100 41 4100
163 202 201 40602
16 207 119 24633
200 100 228 22800
91 202 206 41612
15 93 141 13113
60 231 24 5544
145 220 201 44220
187 238 195 46410
127 86 57 4902
28 96 17 1632
97 177 212 37524
106 77 238 18326
195 240 84 20160
48 42 57 2394
112 124 129 15996
115 22 129 2838
231 36 129 4644
155 90 7 630
225 101 95 9595
250 208 221 45968
74 56 213 11928
147 149 136 20264
37 91 166 15106
184 67 222 14874
10 20 13 260
198 228 149 33972
81 131 160 20960
96 202 42 8484
201 112 189 21168
248 219 233 51027
51 46 243 11178
12 193 4 772
228 182 210 38220
91 237 15 3555
183 90 226 20340
38 33 123 4059
215 233 233 54289
57 1 224 224
2 12 84 1008
17 199 158 31442
197 179 231 41349
117 226 62 14012
45 180 163 29340
180 95 105 9975
14 247 247 61009
173 136 169 22984
166 127 196 24892
200 210 208 43680
74 192 248 47616
82 65 110 7150
132 165 50 8250
236 70 248 17360
126 196 107 20972
118 117 129 15093
152 158 210 33180
79 68 214 14552
187 20 40 800
233 106 141 14946
251 102 18 1836
92 9 203 1827
143 43 133 5719
246 50 233 11650
25 50 151 7550
205 134 106 14204
39 45 149 6705
98 99 222 21978
13 63 140 8820
123 207 16 3312
87 195 255 49725
142 139 156 21684
213 232 89 20648
188 204 146 29784
181 222 114 25308
57 130 169 21970
64 250 110 27500
130 136 249 33864
151 117 116 13572
241 132 81 10692
95 250 235 58750
70 218 234 51012
238 66 224 14784
208 181 18 3258
164 98 102 9996
163 95 118 11210
146 118 7 826
52 34 93 3162
79 42 68 2856
129 155 213 33015
37 82 36 2952
24 133 50 6650
207 114 215 24510
97 86 217 18662
219 21 139 2919
221 17 36 612
201 191 192 36672
153 36 205 7380
198 172 246 42312
124 220 17 3740
112 220 69 15180
48 60 36 2160
184 27 79 2133
104 164 52 8528
122 157 24 3768
36 166 238 39508
214 217 115 24955
135 53 233 12349
47 119 51 6069
116 65 91 5915
93 212 170 36040
233 127 83 10541
51 48 32 1536
104 158 59 9322
179 235 240 56400
0 70 154 10780
207 126 3 378
35 106 104 11024
42 73 150 10950
101 240 152 36480
187 46 29 1334
188 25 136 3400
74 185 140 25900
78 146 43 6278
239 191 58 11078
75 91 192 17472
36 96 31 2976
118 110 214 23540
52 20 250 5000
136 255 145 36975
43 234 241 56394
89 59 33 1947
96 199 72 14328
8 185 14 2590
73 217 135 29295
23 181 1 181
176 65 238 15470
169 11 88 968
44 255 222 56610
5 235 55 12925
182 34 67 2278
223 193 49 9457
42 119 216 25704
51 143 58 8294
171 205 215 44075
157 103 57 5871
103 53 103 5459
99 242 85 20570
27 24 54 1296
168 221 163 36023
45 202 183 36966
103 127 217 27559
124 42 232 9744
79 232 10 2320
148 152 67 10184
149 190 27 5130
74 57 96 5472
177 107 13 1391
178 17 185 3145
254 233 66 15378
90 103 129 13287
172 206 108 22248
171 89 208 18512
150 85 71 6035
151 131 208 27248
10 7 211 1477
113 2 75 150
30 224 9 2016
219 113 71 8023
64 14 1 14
181 221 132 29172
62 3 180 540
8 73 125 9125
123 40 91 3640
252 70 65 4550
108 28 168 4704
208 110 125 13750
202 32 236 7552
255 169 236 39884
45 220 153 33660
78 159 117 18603
159 148 202 29896
12 29 163 4727
1 86 174 14964
171 55 176 9680
66 142 251 35642
195 27 123 3321
87 185 93 17205
254 175 169 29575
50 39 85 3315
42 56 135 7560
100 6 154 924
127 135 84 11340
61 238 213 50694
74 77 143 11011
233 16 133 2128
100 121 124 15004
82 133 188 25004
20 228 242 55176
11 155 74 11470
84 219 119 26061
50 114 109 12426
199 204 14 2856
76 16 255 4080
65 248 148 36704
234 12 173 2076
64 96 80 7680
113 129 181 23349
241 66 238 15708
41 58 109 6322
215 43 172 7396
148 65 125 8125
34 19 182 3458
43 164 139 22796
238 163 209 34067
120 232 32 7424
179 15 207 3105
151 158 210 33180
89 216 95 20520
164 19 222 4218
222 199 119 23681
111 181 187 33847
131 45 247 11115
253 237 143 33891
227 81 80 6480
191 208 221 45968
66 227 90 20430
196 187 247 46189
57 4 249 996
155 116 202 23432
98 114 216 24624
116 255 101 25755
85 253 248 62744
6 83 157 13031
121 186 34 6324
43 93 62 5766
33 209 115 24035
63 232 63 14616
120 172 126 21672
23 229 255 58395
236 69 226 15594
223 171 125 21375
45 46 113 5198
165 70 60 4200
33 134 140 18760
205 191 135 25785
13 200 88 17600
95 35 36 1260
254 75 98 7350
97 155 186 28830
51 7 39 273
234 222 91 20202
173 138 158 21804
104 134 221 29614
62 132 247 32604
24 116 93 10788
52 99 13 1287
74 18 58 1044
9 251 96 24096
172 8 132 1056
129 192 99 19008
191 113 69 7797
119 162 24 3888
125 145 168 24360
9 139 117 16263
96 67 82 5494
186 201 239 48039
52 74 17 1258
12 29 147 4263
58 123 92 11316
36 204 50 10200
161 163 113 18419
180 67 34 2278
205 44 184 8096
36 93 245 22785
174 211 193 40723
120 10 209 2090
127 186 158 29388
248 247 29 7163
41 147 162 23814
210 194 99 19206
86 151 234 35334
166 249 93 23157
39 165 71 11715
229 9 225 2025
34 27 198 5346
212 221 89 19669
123 118 83 9794
250 10 157 1570
197 77 166 12782
34 39 231 9009
149 210 68 14280
229 190 19 3610
204 39 18 702
43 103 221 22763
192 76 163 12388
181 42 128 5376
78 95 99 9405
81 161 226 36386
219 175 107 18725
218 150 171 25650
133 87 77 6699
240 105 7 735
85 201 224 45024
229 71 64 4544
93 143 85 12155
42 126 38 4788
61 144 80 11520
5 254 167 42418
253 106 36 3816
220 103 102 10506
17 7 241 1687
224 242 84 20328
215 96 141 13536
26 207 58 12006
171 150 202 30300
2 140 8 1120
229 176 247 43472
101 78 173 13494
203 8 126 1008
239 122 174 21228
100 106 105 11130
126 168 1 168
230 156 221 34476
153 131 57 7467
215 37 37 1369
186 128 177 22656
229 93 85 7905
200 118 33 3894
242 169 9 1521
181 166 103 17098
160 188 251 47188
157 90 103 9270
229 145 196 28420
7 15 147 2205
117 139 38 5282
242 189 221 41769
61 254 7 1778
2 94 124 11656
110 19 204 3876
95 198 75 14850
219 33 247 8151
223 240 179 42960
118 81 239 19359
186 111 169 18759
229 213 88 18744
89 146 154 22484
110 162 194 31428
88 134 107 14338
120 239 184 43976
8 102 5 510
151 62 201 12462
226 224 206 46144
135 10 117 1170
197 231 144 33264
183 125 160 20000
224 62 65 4030
28 99 223 22077
171 248 134 33232
32 148 148 21904
88 187 193 36091
80 238 22 5236
15 164 157 25748
221 13 34 442
72 254 190 48260
92 37 76 2812
52 172 246 42312
251 108 151 16308
164 5 58 290
213 89 246 21894
123 175 2 350
150 106 234 24804
31 29 225 6525
222 89 205 18245
44 150 251 37650
250 216 192 41472
152 122 146 17812
59 134 172 23048
119 236 109 25724
121 255 164 41820
171 68 172 11696
77 11 137 1507
99 220 193 42460
53 127 44 5588
56 172 14 2408
4 17 107 1819
105 99 7 693
1 107 45 4815
135 186 111 20646
14 10 211 2110
118 83 143 11869
22 128 151 19328
143 33 19 627
111 237 63 14931
119 244 108 26352
208 152 122 18544
245 52 150 7800
37 98 23 2254
114 131 220 28820
85 173 4 692
237 41 6 246
56 122 176 21472
13 120 54 6480
214 48 151 7248
76 141 128 18048
79 129 208 26832
41 53 62 3286
3 122 17 2074
218 254 150 38100
161 138 3 414
47 79 227 17933
27 163 188 30644
120 216 174 37584
237 152 113 17176
222 14 77 1078
87 195 4 780
68 48 221 10608
116 234 246 57564
3 89 62 5518
146 191 102 19482
232 148 104 15392
227 249 249 62001
179 47 105 4935
102 89 240 21360
194 165 67 11055
153 33 217 7161
63 179 132 23628
20 200 35 7000
195 242 47 11374
201 149 1 149
155 230 25 5750
53 31 65 2015
203 172 237 40764
145 117 192 22464
124 135 134 18090
105 48 12 576
237 49 113 5537
174 230 134 30820
173 79 249 19671
148 76 16 1216
176 227 234 53118
170 173 201 34773
239 150 111 16650
132 161 27 4347
233 251 141 35391
200 3 161 483
167 218 108 23544
199 79 192 15168
22 213 42 8946
48 227 69 15663
233 209 179 37411
164 212 166 35192
179 252 174 43848
225 42 184 7728
5 89 48 4272
99 183 33 6039
201 88 143 12584
133 240 253 60720
74 206 123 25338
62 76 252 19152
149 146 97 14162
186 194 46 8924
49 104 216 22464
242 116 140 16240
113 117 34 3978
58 112 107 11984
218 80 112 8960
244 56 62 3472
221 136 78 10608
114 47 200 9400
16 135 163 22005
96 67 205 13735
71 236 194 45784
5 152 42 6384
37 145 107 15515
157 208 164 34112
245 59 239 14101
147 223 203 45269
225 210 101 21210
53 151 20 3020
198 104 221 22984
40 229 85 19465
57 18 59 1062
54 180 75 13500
55 194 109 21146
74 196 75 14700
65 55 208 11440
64 53 24 1272
7 218 245 53410
176 78 13 1014
107 139 144 20016
65 143 217 31031
141 149 243 36207
14 119 81 9639
205 195 46 8970
17 173 22 3806
62 29 84 2436
145 8 125 1000
2 5 95 475
207 12 71 852
183 85 223 18955
148 217 237 51429
161 222 205 45510
135 40 179 7160
130 229 164 37556
146 180 28 5040
115 114 199 22686
87 156 199 31044
179 129 120 15480
235 248 87 21576
192 99 181 17919
53 215 186 39990
215 208 75 15600
145 27 99 2673
127 66 87 5742
14 171 253 43263
182 10 166 1660
35 220 153 33660
29 153 244 37332
115 255 3 765
50 139 27 3753
121 234 122 28548
104 63 206 12978
86 199 3 597
179 70 69 4830
193 133 29 3857
202 39 202 7878
96 43 3 129
217 22 76 1672
20 53 250 13250
19 223 250 55750
139 176 19 3344
73 137 47 6439
252 223 179 39917
152 166 80 13280
27 108 134 14472
100 128 103 13184
129 119 185 22015
185 205 190 38950
54 72 21 1512
171 61 150 9150
118 153 193 29529
24 246 249 61254
6 11 35 385
63 98 24 2352
245 107 20 2140
145 213 98 20874
121 11 214 2354
207 104 65 6760
209 134 226 30284
139 47 105 4935
10 9 174 1566
76 45 56 2520
140 153 59 9027
219 61 116 7076
100 7 136 952
193 165 54 8910
118 14 136 1904
69 32 168 5376
247 86 61 5246
165 117 123 14391
30 54 124 6696
213 77 79 6083
65 22 70 1540
248 48 34 1632
226 171 209 35739
60 95 109 10355
207 26 173 4498
64 16 232 3712
231 40 17 680
73 155 130 20150
69 144 91 13104
104 183 26 4758
81 153 95 14535
157 75 77 5775
158 224 146 32704
217 188 51 9588
181 57 19 1083
218 55 59 3245
81 9 224 2016
96 201 49 9849
211 228 140 31920
156 184 131 24104
19 208 2 416
8 58 183 10614
107 203 253 51359
193 29 132 3828
49 112 182 20384
205 176 54 9504
16 154 189 29106
179 132 172 22704
212 40 216 8640
154 242 178 43076
131 211 245 51695
29 153 76 11628
120 125 78 9750
21 30 138 4140
197 132 64 8448
7 251 173 43423
136 51 155 7905
60 251 223 55973
210 98 62 6076
146 225 211 47475
216 127 120 15240
79 100 158 15800
244 19 15 285
55 92 25 2300
166 200 239 47800
238 32 115 3680
164 29 117 3393
123 221 227 50167
74 138 167 23046
43 101 193 19493
61 8 134 1072
195 131 143 18733
252 1 90 90
157 1 98 98
159 176 115 20240
188 125 151 18875
113 141 70 9870
32 27 108 2916
211 89 70 6230
92 75 35 2625
202 224 12 2688
236 209 201 42009
181 133 187 24871
42 110 90 9900
4 10 58 580
107 199 6 1194
191 178 87 15486
228 198 91 18018
245 233 57 13281
146 123 118 14514
145 140 165 23100
108 9 116 1044
229 240 136 32640
255 69 248 17112
47 78 107 8346
150 182 101 18382
99 194 137 26578
2 70 107 7490
235 163 175 28525
245 86 137 11782
213 215 229 49235
91 215 162 34830
88 123 64 7872
229 151 208 31408
96 82 184 15088
22 55 249 13695
99 161 31 4991
201 63 245 15435
83 209 253 52877
58 152 101 15352
219 55 135 7425
244 183 169 30927
66 7 68 476
117 59 137 8083
79 89 48 4272
119 54 212 11448
100 52 170 8840
7 227 209 47443
255 247 119 29393
203 97 221 21437
113 164 123 20172
148 132 20 2640
168 48 58 2784
33 117 185 21645
145 83 194 16102
116 252 88 22176
126 61 24 1464
59 178 14 2492
25 253 105 26565
151 186 91 16926
254 198 46 9108
79 129 60 7740
87 212 221 46852
158 112 62 6944
150 3 6 18
40 147 152 22344
52 9 73 657
121 137 214 29318
176 193 195 37635
30 79 158 12482
19 72 98 7056
24 225 238 53550
242 203 4 812
150 164 210 34440
106 34 231 7854
136 219 242 52998
47 251 3 753
29 75 105 7875
51 219 94 20586
182 137 251 34387
160 57 225 12825
170 80 244 19520
229 161 214 34454
21 78 106 8268
7 163 19 3097
207 145 16 2320
89 251 157 39407
228 200 114 22800
25 179 176 31504
142 19 44 836
36 98 180 17640
245 110 105 11550
252 240 135 32400
177 247 242 59774
157 50 102 5100
7 184 252 46368
32 77 105 8085
208 70 107 7490
102 191 213 40683
34 226 155 35030
105 10 253 2530
59 232 123 28536
36 115 165 18975
14 2 225 450
249 202 73 14746
192 45 178 8010
48 12 43 516
171 46 203 9338
55 17 67 1139
152 69 43 2967
212 40 255 10200
196 126 149 18774
250 228 121 27588
134 240 30 7200
146 163 219 35697
13 144 115 16560
94 214 151 32314
48 45 236 10620
151 203 193 39179
65 218 119 25942
114 57 92 5244
205 136 56 7616
91 47 126 5922
251 46 71 3266
239 240 138 33120
13 210 215 45150
59 147 55 8085
240 139 160 22240
204 44 245 10780
150 34 111 3774
80 124 193 23932
107 109 202 22018
91 117 61 7137
46 148 53 7844
181 240 4 960
126 224 142 31808
18 108 90 9720
59 243 199 48357
115 106 200 21200
243 43 250 10750
29 32 10 320
54 159 187 29733
250 79 132 10428
169 124 46 5704
137 158 90 14220
48 56 120 6720
94 187 162 30294
244 37 150 5550
185 39 219 8541
136 96 86 8256
48 1 109 109
44 124 141 17484
238 165 171 28215
225 176 147 25872
49 210 227 47670
1 206 2 412
6 38 45 1710
135 108 184 19872
190 12 109 1308
107 10 252 2520
16 66 185 12210
214 234 41 9594
251 188 30 5640
84 198 148 29304
51 5 203 1015
92 181 92 16652
1 233 213 49629
91 137 241 33017
2 97 81 7857
144 29 189 5481
36 135 38 5130
20 50 159 7950
23 246 206 50676
238 168 137 23016
216 240 81 19440
69 185 84 15540
8 180 21 3780
113 78 59 4602
92 130 97 12610
133 245 121 29645
55 42 186 7812
24 86 243 20898
80 119 214 25466
140 58 173 10034
50 139 164 22796
1 24 197 4728
86 168 125 21000
110 178 181 32218
138 29 245 7105
20 82 13 1066
245 122 50 6100
221 90 84 7560
85 237 117 27729
129 71 149 10579
110 121 233 28193
161 190 228 43320
106 71 207 14697
54 249 177 44073
154 229 13 2977
21 82 120 9840
251 250 21 5250
48 47 172 8084
145 251 9 2259
217 7 170 1190
35 126 87 10962
152 162 17 2754
224 13 154 2002
91 74 211 15614
225 113 234 26442
176 104 73 7592
241 103 169 17407
110 39 255 9945
196 72 254 18288
214 17 120 2040
228 144 84 12096
250 166 210 34860
39 199 58 11542
110 175 184 32200
148 236 182 42952
98 126 21 2646
102 205 63 12915
210 156 147 22932
202 51 150 7650
223 247 45 11115
158 208 36 7488
104 167 148 24716
40 100 136 13600
242 74 229 16946
167 104 233 24232
120 109 85 9265
129 235 52 12220
42 211 222 46842
117 172 204 35088
32 33 3 99
60 33 21 693
188 178 131 23318
43 24 153 3672
213 121 153 18513
120 243 42 10206
192 145 224 32480
48 251 235 58985
159 245 40 9800
147 249 102 25398
146 79 202 15958
228 212 151 32012
255 215 173 37195
233 147 145 21315
240 186 213 39618
78 78 1 78
178 152 202 30704
251 215 75 16125
218 163 157 25591
184 8 13 104
56 141 197 27777
58 206 83 17098
103 146 234 34164
194 96 199 19104
4 211 207 43677
201 234 113 26442
179 240 122 29280
216 17 208 3536
39 105 242 25410
170 178 160 28480
66 99 59 5841
184 196 60 11760
253 145 46 6670
45 179 114 20406
205 19 68 1292
19 141 43 6063
208 25 239 5975
104 167 40 6680
62 197 129 25413
11 104 91 9464
252 112 77 8624
99 64 151 9664
209 164 234 38376
244 100 47 4700
208 15 168 2520
116 193 205 39565
251 108 205 22140
4 172 53 9116
170 122 252 30744
149 89 220 19580
197 144 148 21312
214 112 180 20160
168 241 177 42657
144 253 105 26565
178 213 240 51120
231 240 160 38400
111 104 44 4576
210 180 115 20700
211 207 81 16767
150 168 144 24192
158 140 154 21560
14 173 228 39444
61 166 86 14276
71 255 144 36720
131 139 234 32526
40 232 232 53824
157 152 126 19152
32 180 111 19980
122 192 69 13248
131 86 198 17028
7 152 184 27968
227 200 64 12800
187 201 236 47436
60 186 139 25854
15 187 165 30855
14 156 183 28548
55 46 172 7912
203 82 191 15662
30 55 165 9075
17 112 38 4256
198 239 29 6931
44 16 216 3456
138 200 93 18600
163 136 29 3944
62 140 168 23520
65 136 158 21488
238 153 230 35190
90 187 25 4675
244 144 76 10944
95 131 106 13886
136 176 214 37664
36 121 153 18513
210 102 243 24786
255 62 189 11718
191 30 233 6990
78 179 47 8413
134 251 88 22088
214 20 220 4400
110 5 78 390
228 211 63 13293
6 200 199 39800
60 197 247 48659
124 134 213 28542
83 68 8 544
1 179 71 12709
199 138 216 29808
129 98 109 10682
212 206 104 21424
39 131 149 19519
173 86 195 16770
123 231 194 44814
56 206 184 37904
109 249 132 32868
59 71 236 16756
141 192 250 48000
137 74 101 7474
111 89 132 11748
128 91 125 11375
63 190 242 45980
31 216 163 35208
90 26 212 5512
173 164 108 17712
146 152 236 35872
232 212 223 47276
32 167 41 6847
170 94 207 19458
235 28 246 6888
194 2 43 86
55 113 76 8588
90 87 81 7047
119 144 182 26208
255 189 105 19845
207 254 33 8382
10 205 81 16605
165 119 232 27608
234 229 79 18091
59 149 146 21754
0 34 84 2856
226 3 156 468
153 183 247 45201
182 190 238 45220
150 63 25 1575
196 13 57 741
67 27 76 2052
133 183 23 4209
48 2 60 120
184 210 189 39690
42 198 226 44748
105 122 124 15128
64 10 144 1440
164 103 178 18334
91 237 52 12324
138 255 11 2805
63 185 80 14800
21 175 85 14875
149 15 21 315
74 187 104 19448
104 12 143 1716
12 111 240 26640
63 38 79 3002
177 119 92 10948
203 143 102 14586
140 168 82 13776
40 108 166 17928
111 138 158 21804
202 37 226 8362
147 98 241 23618
110 93 51 4743
165 120 203 24360
75 160 133 21280
27 19 202 3838
175 226 164 37064
111 122 204 24888
56 163 44 7172
78 130 177 23010
11 57 88 5016
230 47 132 6204
220 181 252 45612
175 51 69 3519
147 20 167 3340
167 65 230 14950
158 136 138 18768
246 144 46 6624
190 237 154 36498
117 239 199 47561
168 240 167 40080
42 227 148 33596
53 49 36 1764
6 101 20 2020
210 86 180 15480
10 27 23 621
157 100 255 25500
223 40 151 6040
149 63 56 3528
181 31 223 6913
28 8 171 1368
126 7 252 1764
231 184 137 25208
18 223 232 51736
42 142 115 16330
239 34 53 1802
30 160 164 26240
236 39 27 1053
233 127 185 23495
242 130 112 14560
48 133 87 11571
83 87 150 13050
0 2 255 510
104 141 139 19599
139 184 129 23736
2 57 222 12654
241 228 22 5016
40 77 97 7469
54 250 111 27750
255 254 201 51054
105 211 15 3165
115 234 62 14508
72 242 3 726
161 83 158 13114
87 211 206 43466
223 30 77 2310
195 111 70 7770
103 160 33 5280
41 194 220 42680
210 166 77 12782
209 98 198 19404
203 124 89 11036
165 57 19 1083
145 251 62 15562
54 78 37 2886
148 187 41 7667
127 213 9 1917
223 94 38 3572
43 77 143 11011
222 125 155 19375
79 79 68 5372
144 141 31 4371
228 99 243 24057
251 246 75 18450
167 180 21 3780
19 59 12 708
164 131 242 31702
38 254 237 60198
99 174 85 14790
101 147 7 1029
202 19 32 608
204 200 37 7400
215 185 138 25530
237 51 138 7038
58 235 168 39480
66 13 168 2184
212 185 97 17945
86 90 158 14220
157 86 55 4730
84 8 248 1984
81 147 238 34986
251 64 107 6848
4 242 190 45980
127 206 250 51500
218 1 119 119
40 55 190 10450
111 228 149 33972
236 193 6 1158
12 83 59 4897
109 66 90 5940
173 8 164 1312
14 130 97 12610
193 248 218 54064
246 246 80 19680
224 169 189 31941
186 166 97 16102
2 191 113 21583
110 231 145 33495
235 152 46 6992
175 151 213 32163
29 14 172 2408
159 224 91 20384
153 78 96 7488
65 48 35 1680
36 119 142 16898
122 193 151 29143
233 71 3 213
70 163 154 25102
245 153 244 37332
131 216 84 18144
197 15 197 2955
100 38 131 4978
142 59 43 2537
213 35 141 4935
64 163 47 7661
92 84 42 3528
173 28 154 4312
191 57 192 10944
251 47 109 5123
239 133 126 16758
127 233 207 48231
66 179 172 30788
253 79 100 7900
106 97 187 18139
181 81 133 10773
79 18 124 2232
94 136 4 544
143 126 49 6174
146 143 172 24596
17 218 70 15260
88 229 163 37327
35 20 250 5000
123 226 2 452
34 8 241 1928
246 184 37 6808
164 180 159 28620
85 191 135 25785
94 222 165 36630
193 30 199 5970
189 112 4 448
38 135 215 29025
20 33 206 6798
156 229 231 52899
144 93 219 20367
35 19 12 228
79 3 114 342
27 232 240 55680
95 61 216 13176
23 136 161 21896
200 192 18 3456
129 117 252 29484
172 215 215 46225
64 143 109 15587
88 115 11 1265
151 251 57 14307
110 132 56 7392
114 40 22 880
173 28 198 5544
126 37 50 1850
232 230 8 1840
175 206 227 46762
233 237 68 16116
135 227 134 30418
188 50 210 10500
90 102 203 20706
52 156 235 36660
192 250 33 8250
174 214 182 38948
30 201 110 22110
235 196 55 10780
122 60 165 9900
40 166 226 37516
221 86 108 9288
208 54 132 7128
102 40 96 3840
152 117 239 27963
101 47 196 9212
245 72 223 16056
246 37 131 4847
153 196 213 41748
68 83 183 15189
50 69 61 4209
237 87 121 10527
62 143 76 10868
11 187 39 7293
253 235 21 4935
137 227 59 13393
255 208 88 18304
2 140 239 33460
240 191 168 32088
214 74 44 3256
49 182 99 18018
20 91 49 4459
11 215 40 8600
138 211 140 29540
219 97 105 10185
119 175 8 1400
118 241 250 60250
245 96 219 21024
239 242 208 50336
12 53 5 265
45 254 12 3048
197 32 191 6112
115 169 109 18421
86 125 178 22250
217 153 187 28611
82 180 202 36360
116 204 87 17748
10 217 29 6293
168 72 42 3024
238 18 177 3186
160 17 221 3757
65 40 141 5640
255 36 162 5832
120 99 177 17523
33 67 218 14606
203 231 215 49665
113 55 26 1430
244 195 57 11115
242 75 122 9150
45 153 45 6885
80 252 18 4536
240 74 251 18574
246 95 238 22610
221 40 250 10000
106 180 81 14580
210 191 131 25021
207 211 34 7174
227 176 173 30448
62 130 50 6500
124 69 187 12903
24 178 142 25276
186 64 122 7808
170 45 71 3195
46 228 229 52212
192 54 18 972
222 203 62 12586
27 193 157 30301
8 231 241 55671
240 200 181 36200
201 155 174 26970
77 108 176 19008
208 135 44 5940
239 182 214 38948
214 193 133 25669
42 18 241 4338
145 238 177 42126
62 75 207 15525
44 167 50 8350
195 91 37 3367
15 196 60 11760
134 96 42 4032
185 46 68 3128
61 44 113 4972
24 157 114 17898
142 218 4 872
170 40 54 2160
113 26 93 2418
98 116 3 348
96 125 82 10250
111 160 212 33920
213 205 44 9020
117 101 147 14847
207 129 11 1419
163 62 86 5332
243 117 54 6318
248 202 35 7070
0 130 63 8190
38 129 7 903
93 144 29 4176
145 247 219 54093
234 222 126 27972
239 117 48 5616
246 168 88 14784
65 140 194 27160
251 120 91 10920
127 228 125 28500
106 113 159 17967
1 150 110 16500
163 31 195 6045
242 109 63 6867
186 181 99 17919
178 118 201 23718
144 148 140 20720
65 57 72 4104
14 132 165 21780
202 4 142 568
243 74 134 9916
213 201 252 50652
41 254 141 35814
165 15 40 600
196 54 252 13608
108 144 205 29520
52 112 72 8064
6 20 112 2240
41 45 141 6345
109 172 103 17716
21 213 180 38340
31 96 39 3744
249 14 69 966
105 237 180 42660
110 137 228 31236
50 31 244 7564
252 19 24 456
226 124 69 8556
56 253 231 58443
51 165 164 27060
104 165 252 41580
125 52 228 11856
135 46 154 7084
118 142 201 28542
6 248 206 51088
113 172 31 5332
252 88 133 11704
59 187 247 46189
207 103 63 6489
128 179 39 6981
96 6 163 978
192 141 57 8037
24 83 200 16600
54 164 134 21976
115 110 169 18590
193 96 250 24000
223 216 208 44928
72 99 4 396
219 64 119 7616
71 113 25 2825
85 160 158 25280
162 243 244 59292
66 40 211 8440
223 68 171 11628
100 247 81 20007
240 219 233 51027
210 219 28 6132
140 135 50 6750
117 193 52 10036
200 65 245 15925
58 34 251 8534
163 185 151 27935
177 4 1 4
81 149 48 7152
153 235 217 50995
255 207 219 45333
201 9 165 1485
87 142 189 26838
198 150 228 34200
74 210 230 48300
197 23 80 1840
199 102 33 3366
129 231 2 462
27 242 212 51304
78 107 190 20330
203 167 32 5344
171 169 4 676
94 223 99 22077
98 185 178 32930
86 122 165 20130
251 73 124 9052
171 18 181 3258
191 79 235 18565
80 157 178 27946
146 217 226 49042
54 100 33 3300
193 110 14 1540
199 236 125 29500
234 222 131 29082
48 218 235 51230
178 230 127 29210
50 150 30 4500
7 19 67 1273
189 186 134 24924
10 36 99 3564
246 129 119 15351
98 169 45 7605
105 185 187 34595
254 211 24 5064
238 123 75 9225
49 136 168 22848
71 206 149 30694
29 137 35 4795
75 46 179 8234
72 187 166 31042
1 30 146 4380
125 119 134 15946
216 252 232 58464
206 226 193 43618
102 123 239 29397
223 43 92 3956
66 4 34 136
156 233 3 699
235 175 162 28350
129 128 156 19968
244 45 177 7965
192 226 117 26442
149 137 139 19043
162 128 201 25728
0 212 119 25228
9 54 198 10692
240 162 52 8424
208 111 94 10434
218 236 35 8260
181 165 31 5115
89 117 146 17082
98 156 113 17628
29 217 14 3038
237 251 246 61746
74 111 63 6993
160 81 166 13446
189 202 49 9898
92 75 133 9975
42 140 128 17920
36 138 18 2484
74 150 247 37050
234 173 176 30448
12 231 117 27027
87 185 198 36630
22 166 22 3652
33 154 211 32494
162 188 247 46436
144 1 240 240
79 180 129 23220
232 7 120 840
23 188 141 26508
243 6 98 588
127 99 46 4554
185 108 192 20736
123 23 156 3588
87 60 30 1800
230 30 103 3090
231 176 249 43824
63 216 42 9072
95 61 26 1586
217 2 21 42
252 81 46 3726
92 187 116 21692
162 150 89 13350
7 157 15 2355
22 220 86 18920
21 11 205 2255
223 108 166 17928
166 224 196 43904
100 115 192 22080
80 33 248 8184
143 165 99 16335
216 137 167 22879
89 172 236 40592
141 101 194 19594
103 211 45 9495
50 209 61 12749
43 235 149 35015
110 113 217 24521
105 9 41 369
70 180 24 4320
24 239 79 18881
101 238 229 54502
118 190 124 23560
241 188 90 16920
224 122 195 23790
21 142 151 21442
29 74 226 16724
16 218 250 54500
27 3 157 471
19 121 200 24200
208 72 127 9144
52 7 106 742
253 47 104 4888
193 142 107 15194
32 152 207 31464
195 8 81 648
94 238 190 45220
171 100 90 9000
6 133 243 32319
137 177 127 22479
0 113 74 8362
207 243 66 16038
231 247 75 18525
58 135 24 3240
253 178 212 37736
8 89 75 6675
154 48 197 9456
183 205 74 15170
236 101 31 3131
215 194 209 40546
93 69 218 15042
2 34 2 68
157 189 218 41202
145 218 186 40548
216 75 98 7350
123 84 224 18816
132 228 125 28500
224 6 92 552
99 1 68 68
77 27 96 2592
139 131 104 13624
165 74 1 74
97 129 85 10965
28 52 149 7748
251 214 69 14766
109 162 122 19764
197 205 45 9225
151 47 246 11562
107 213 25 5325
121 210 121 25410
143 35 63 2205
80 81 218 17658
194 41 80 3280
67 138 24 3312
129 136 213 28968
193 46 73 3358
239 55 49 2695
230 147 10 1470
68 227 168 38136
154 114 49 5586
168 248 237 58776
112 31 193 5983
30 65 139 9035
71 194 58 11252
165 145 213 30885
82 168 127 21336
70 1 91 91
118 204 203 41412
32 88 10 880
67 128 213 27264
111 45 221 9945
176 210 119 24990
22 102 246 25092
236 149 241 35909
183 229 132 30228
110 143 53 7579
59 234 77 18018
230 142 21 2982
13 94 4 376
209 126 53 6678
49 192 194 37248
249 41 188 7708
183 178 235 41830
42 248 186 46128
11 179 139 24881
64 30 104 3120
241 229 86 19694
66 217 207 44919
178 41 72 2952
67 20 92 1840
89 159 128 20352
106 195 209 40755
154 113 119 13447
158 30 218 6540
69 225 105 23625
214 69 51 3519
197 147 183 26901
208 104 180 18720
33 27 18 486
36 64 222 14208
27 10 142 1420
120 122 196 23912
10 158 118 18644
159 63 126 7938
15 84 7 588
71 65 80 5200
129 46 195 8970
185 82 217 17794
234 150 225 33750
108 234 250 58500
37 108 239 25812
164 160 102 16320
11 212 87 18444
118 13 140 1820
0 110 77 8470
155 124 121 15004
254 18 119 2142
235 249 187 46563
243 47 129 6063
103 96 26 2496
180 189 49 9261
50 178 11 1958
151 236 80 18880
63 238 250 59500
178 127 240 30480
73 31 92 2852
171 183 96 17568
86 231 29 6699
34 70 124 8680
89 63 172 10836
100 84 230 19320
35 71 172 12212
50 138 162 22356
171 243 248 60264
70 76 20 1520
223 130 161 20930
182 147 163 23961
85 1 236 236
211 254 97 24638
106 149 70 10430
177 200 202 40400
2 74 170 12580
125 24 240 5760
146 6 191 1146
98 228 13 2964
53 249 168 41832
25 218 185 40330
101 89 161 14329
39 142 101 14342
30 241 95 22895
19 106 199 21094
105 139 36 5004
35 195 166 32370
64 114 148 16872
176 7 142 994
6 91 61 5551
43 220 104 22880
129 198 172 34056
119 6 134 804
64 147 99 14553
185 94 42 3948
142 233 33 7689
46 46 163 7498
17 242 77 18634
74 238 148 35224
123 3 55 165
118 78 191 14898
254 232 24 5568
56 252 230 57960
13 162 142 23004
152 243 182 44226
141 127 238 30226
219 208 84 17472
186 4 235 940
140 173 111 19203
2 116 200 23200
247 153 83 12699
7 221 132 29172
22 176 136 23936
199 176 218 38368
46 158 151 23858
92 170 178 30260
1 50 166 8300
224 56 232 12992
2 9 79 711
169 139 190 26410
196 81 94 7614
204 201 60 12060
142 202 158 31916
16 50 157 7850
21 147 88 12936
104 135 252 34020
50 232 7 1624
183 51 104 5304
59 89 80 7120
153 147 147 21609
107 150 230 34500
215 27 92 2484
86 110 67 7370
114 183 33 6039
57 154 48 7392
117 158 15 2370
102 26 17 442
223 44 197 8668
159 81 99 8019
129 67 71 4757
224 154 84 12936
188 128 199 25472
238 190 14 2660
80 236 98 23128
53 52 138 7176
50 209 125 26125
126 74 120 8880
184 199 18 3582
38 88 101 8888
164 50 180 9000
254 81 50 4050
231 45 172 7740
51 200 224 44800
250 146 240 35040
84 167 92 15364
112 37 255 9435
90 18 238 4284
147 197 133 26201
108 87 242 21054
189 8 17 136
68 66 73 4818
112 31 249 7719
100 70 241 16870
30 67 82 5494
36 141 175 24675
212 237 5 1185
226 32 46 1472
78 222 255 56610
41 64 153 9792
175 12 71 852
234 10 156 1560
233 45 65 2925
135 251 16 4016
57 35 255 8925
176 246 55 13530
248 223 135 30105
148 4 56 224
212 86 129 11094
237 11 100 1100
205 207 68 14076
155 90 39 3510
67 110 13 1430
111 136 119 16184
7 114 25 2850
54 245 134 32830
121 111 1 111
177 119 45 5355
113 32 73 2336
213 170 202 34340
63 205 207 42435
175 80 97 7760
233 119 49 5831
162 226 75 16950
91 20 123 2460
101 31 210 6510
224 229 106 24274
63 211 176 37136
165 115 247 28405
44 149 99 14751
199 247 34 8398
153 218 238 51884
254 109 194 21146
106 9 211 1899
14 96 221 21216
192 214 30 6420
87 14 142 1988
22 60 148 8880
111 5 31 155
240 70 135 9450
144 157 184 28888
17 208 186 38688
156 102 26 2652
60 71 84 5964
131 134 111 14874
84 125 10 1250
212 118 41 4838
103 214 74 15836
242 49 53 2597
170 237 180 42660
162 101 115 11615
198 152 163 24776
29 190 186 35340
221 133 133 17689
133 119 185 22015
73 227 208 47216
45 59 148 8732
189 169 8 1352
0 200 43 8600
241 221 71 15691
133 21 172 3612
155 28 108 3024
230 127 21 2667
87 65 27 1755
143 226 2 452
122 196 247 48412
72 69 21 1449
80 109 96 10464
55 83 72 5976
215 171 24 4104
210 11 37 407
115 130 96 12480
209 93 41 3813
188 141 74 10434
89 146 74 10804
46 156 191 29796
243 253 82 20746
181 147 78 11466
157 253 185 46805
197 252 163 41076
0 191 10 1910
100 26 168 4368
126 158 132 20856
50 232 40 9280
79 249 200 49800
180 199 166 33034
209 189 194 36666
235 97 181 17557
25 139 192 26688
189 255 232 59160
42 1 86 86
61 17 182 3094
184 102 119 12138
250 192 148 28416
73 119 74 8806
232 146 83 12118
6 85 249 21165
87 154 32 4928
184 86 169 14534
152 102 40 4080
67 199 136 27064
243 164 79 12956
15 137 114 15618
155 248 16 3968
84 221 248 54808
109 145 16 2320
117 175 80 14000
44 59 113 6667
29 9 16 144
4 150 11 1650
84 42 97 4074
137 216 17 3672
38 209 209 43681
242 56 174 9744
223 151 217 32767
241 207 68 14076
185 84 235 19740
12 213 43 9159
176 130 239 31070
136 137 166 22742
188 111 209 23199
206 212 135 28620
161 177 228 40356
56 101 229 23129
242 237 3 711
2 24 113 2712
189 221 116 25636
0 131 207 27117
225 72 237 17064
92 247 36 8892
165 187 120 22440
217 43 188 8084
149 201 89 17889
60 66 171 11286
198 179 253 45287
52 43 94 4042
111 220 160 35200
125 97 244 23668
120 111 220 24420
118 35 248 8680
30 240 21 5040
142 125 58 7250
11 221 110 24310
42 77 183 14091
155 175 22 3850
201 79 224 17696
88 215 144 30960
179 249 139 34611
109 113 35 3955
157 190 208 39520
72 106 210 22260
226 189 127 24003
52 206 109 22454
22 212 120 25440
199 225 75 16875
18 110 223 24530
86 34 244 8296
52 21 241 5061
227 64 187 11968
40 48 201 9648
205 199 34 6766
61 99 227 22473
104 180 141 25380
102 53 222 11766
249 107 158 16906
119 58 160 9280
25 97 68 6596
243 136 84 11424
253 158 230 36340
205 171 123 21033
112 151 222 33522
188 64 204 13056
101 27 57 1539
201 209 63 13167
17 56 12 672
235 33 86 2838
3 183 72 13176
67 86 207 17802
2 156 153 23868
96 46 125 5750
125 237 1 237
72 173 59 10207
237 76 70 5320
49 86 33 2838
203 162 243 39366
137 164 21 3444
228 216 120 25920
14 198 166 32868
142 151 159 24009
9 187 210 39270
93 204 199 40596
233 112 135 15120
183 33 255 8415
71 245 78 19110
159 50 148 7400
174 171 8 1368
161 236 47 11092
239 239 99 23661
252 190 253 48070
96 104 134 13936
19 82 159 13038
74 230 69 15870
60 233 79 18407
227 80 171 13680
103 140 182 25480
203 140 45 6300
134 62 226 14012
86 99 23 2277
3 178 50 8900
17 161 72 11592
141 40 204 8160
72 55 13 715
97 97 248 24056
27 114 18 2052
180 164 136 22304
197 131 245 32095
87 105 17 1785
44 49 139 6811
150 96 158 15168
36 55 246 13530
148 158 7 1106
144 235 49 11515
64 138 12 1656
55 18 24 432
128 240 234 56160
254 146 255 37230
159 94 211 19834
243 221 137 30277
224 142 81 11502
63 103 25 2575
94 145 30 4350
112 59 201 11859
174 194 198 38412
38 85 251 21335
255 72 40 2880
2 105 118 12390
232 208 126 26208
24 181 224 40544
186 45 165 7425
28 236 40 9440
189 105 237 24885
128 251 178 44678
149 114 2 228
15 79 118 9322
12 65 57 3705
187 211 83 17513
13 209 145 30305
100 56 175 9800
37 118 125 14750
9 51 26 1326
104 99 230 22770
215 252 85 21420
39 189 64 12096
92 237 44 10428
200 59 213 12567
148 55 24 1320
96 7 80 560
217 43 87 3741
29 85 104 8840
224 71 163 11573
234 110 172 18920
104 216 67 14472
210 232 142 32944
92 130 17 2210
91 86 245 21070
100 74 37 2738
53 82 224 18368
16 254 228 57912
214 94 208 19552
154 169 207 34983
163 245 10 2450
201 22 248 5456
108 44 127 5588
31 106 151 16006
97 67 45 3015
184 72 104 7488
205 79 119 9401
89 58 139 8062
74 245 47 11515
242 195 162 31590
145 195 159 31005
47 203 42 8526
138 248 28 6944
117 16 121 1936
21 225 9 2025
158 47 78 3666
155 89 154 13706
92 76 144 10944
173 144 141 20304
182 37 129 4773
7 215 124 26660
242 51 83 4233
179 236 135 31860
33 104 74 7696
57 158 139 21962
173 117 232 27144
59 191 114 21774
11 227 142 32234
73 255 38 9690
15 245 187 45815
6 238 160 38080
34 117 58 6786
57 129 1 129
65 19 51 969
45 189 86 16254
76 79 95 7505
251 155 214 33170
